1024 1024
547
0x0020 0 4 10 35
0x0021 40 4 12 35
0x0022 80 4 14 35
0x0023 120 4 25 35
0x0024 160 4 19 35
0x0025 200 4 28 35
0x0026 240 4 23 35
0x0027 280 4 8 35
0x0028 320 4 12 35
0x0029 360 4 12 35
0x002A 400 4 15 35
0x002B 440 4 25 35
0x002C 480 4 10 35
0x002D 520 4 11 35
0x002E 560 4 10 35
0x002F 600 4 10 35
0x0030 640 4 19 35
0x0031 680 4 19 35
0x0032 720 4 19 35
0x0033 760 4 19 35
0x0034 800 4 19 35
0x0035 840 4 19 35
0x0036 880 4 19 35
0x0037 920 4 19 35
0x0038 960 4 19 35
0x0039 0 43 19 35
0x003A 40 43 10 35
0x003B 80 43 10 35
0x003C 120 43 25 35
0x003D 160 43 25 35
0x003E 200 43 25 35
0x003F 240 43 16 35
0x0040 280 43 30 35
0x0041 320 43 20 35
0x0042 360 43 20 35
0x0043 400 43 21 35
0x0044 440 43 23 35
0x0045 480 43 19 35
0x0046 520 43 17 35
0x0047 560 43 23 35
0x0048 600 43 22 35
0x0049 640 43 9 35
0x004A 680 43 9 35
0x004B 720 43 20 35
0x004C 760 43 17 35
0x004D 800 43 26 35
0x004E 840 43 22 35
0x004F 880 43 23 35
0x0050 920 43 18 35
0x0051 960 43 23 35
0x0052 0 82 21 35
0x0053 40 82 19 35
0x0054 80 82 18 35
0x0055 120 82 22 35
0x0056 160 82 20 35
0x0057 200 82 29 35
0x0058 240 82 20 35
0x0059 280 82 18 35
0x005A 320 82 20 35
0x005B 360 82 12 35
0x005C 400 82 10 35
0x005D 440 82 12 35
0x005E 480 82 25 35
0x005F 520 82 15 35
0x0060 560 82 15 35
0x0061 600 82 18 35
0x0062 640 82 19 35
0x0063 680 82 16 35
0x0064 720 82 19 35
0x0065 760 82 18 35
0x0066 800 82 11 35
0x0067 840 82 19 35
0x0068 880 82 19 35
0x0069 920 82 9 35
0x006A 960 82 9 35
0x006B 0 121 17 35
0x006C 40 121 9 35
0x006D 80 121 29 35
0x006E 120 121 19 35
0x006F 160 121 18 35
0x0070 200 121 19 35
0x0071 240 121 19 35
0x0072 280 121 12 35
0x0073 320 121 16 35
0x0074 360 121 12 35
0x0075 400 121 19 35
0x0076 440 121 18 35
0x0077 480 121 24 35
0x0078 520 121 18 35
0x0079 560 121 18 35
0x007A 600 121 16 35
0x007B 640 121 19 35
0x007C 680 121 10 35
0x007D 720 121 19 35
0x007E 760 121 25 35
0x00A0 800 121 10 35
0x00A1 840 121 12 35
0x00A2 880 121 19 35
0x00A3 920 121 19 35
0x00A4 960 121 19 35
0x00A5 0 160 19 35
0x00A6 40 160 10 35
0x00A7 80 160 15 35
0x00A8 120 160 15 35
0x00A9 160 160 30 35
0x00AA 200 160 14 35
0x00AB 240 160 18 35
0x00AC 280 160 25 35
0x00AD 320 160 11 35
0x00AE 360 160 30 35
0x00AF 400 160 15 35
0x00B0 440 160 15 35
0x00B1 480 160 25 35
0x00B2 520 160 12 35
0x00B3 560 160 12 35
0x00B4 600 160 15 35
0x00B5 640 160 19 35
0x00B6 680 160 19 35
0x00B7 720 160 10 35
0x00B8 760 160 15 35
0x00B9 800 160 12 35
0x00BA 840 160 14 35
0x00BB 880 160 18 35
0x00BC 920 160 29 35
0x00BD 960 160 29 35
0x00BE 0 199 29 35
0x00BF 40 199 16 35
0x00C0 80 199 20 35
0x00C1 120 199 20 35
0x00C2 160 199 20 35
0x00C3 200 199 20 35
0x00C4 240 199 20 35
0x00C5 280 199 20 35
0x00C6 320 199 29 35
0x00C7 360 199 21 35
0x00C8 400 199 19 35
0x00C9 440 199 19 35
0x00CA 480 199 19 35
0x00CB 520 199 19 35
0x00CC 560 199 9 35
0x00CD 600 199 9 35
0x00CE 640 199 9 35
0x00CF 680 199 9 35
0x00D0 720 199 23 35
0x00D1 760 199 22 35
0x00D2 800 199 23 35
0x00D3 840 199 23 35
0x00D4 880 199 23 35
0x00D5 920 199 23 35
0x00D6 960 199 23 35
0x00D7 0 238 25 35
0x00D8 40 238 23 35
0x00D9 80 238 22 35
0x00DA 120 238 22 35
0x00DB 160 238 22 35
0x00DC 200 238 22 35
0x00DD 240 238 18 35
0x00DE 280 238 18 35
0x00DF 320 238 19 35
0x00E0 360 238 18 35
0x00E1 400 238 18 35
0x00E2 440 238 18 35
0x00E3 480 238 18 35
0x00E4 520 238 18 35
0x00E5 560 238 18 35
0x00E6 600 238 29 35
0x00E7 640 238 16 35
0x00E8 680 238 18 35
0x00E9 720 238 18 35
0x00EA 760 238 18 35
0x00EB 800 238 18 35
0x00EC 840 238 9 35
0x00ED 880 238 9 35
0x00EE 920 238 9 35
0x00EF 960 238 9 35
0x00F0 0 277 18 35
0x00F1 40 277 19 35
0x00F2 80 277 18 35
0x00F3 120 277 18 35
0x00F4 160 277 18 35
0x00F5 200 277 18 35
0x00F6 240 277 18 35
0x00F7 280 277 25 35
0x00F8 320 277 18 35
0x00F9 360 277 19 35
0x00FA 400 277 19 35
0x00FB 440 277 19 35
0x00FC 480 277 19 35
0x00FD 520 277 18 35
0x00FE 560 277 19 35
0x00FF 600 277 18 35
0x0100 640 277 20 35
0x0101 680 277 18 35
0x0102 720 277 20 35
0x0103 760 277 18 35
0x0104 800 277 20 35
0x0105 840 277 18 35
0x0106 880 277 21 35
0x0107 920 277 16 35
0x0108 960 277 21 35
0x0109 0 316 16 35
0x010A 40 316 21 35
0x010B 80 316 16 35
0x010C 120 316 21 35
0x010D 160 316 16 35
0x010E 200 316 23 35
0x010F 240 316 19 35
0x0110 280 316 23 35
0x0111 320 316 19 35
0x0112 360 316 19 35
0x0113 400 316 18 35
0x0114 440 316 19 35
0x0115 480 316 18 35
0x0116 520 316 19 35
0x0117 560 316 18 35
0x0118 600 316 19 35
0x0119 640 316 18 35
0x011A 680 316 19 35
0x011B 720 316 18 35
0x011C 760 316 23 35
0x011D 800 316 19 35
0x011E 840 316 23 35
0x011F 880 316 19 35
0x0120 920 316 23 35
0x0121 960 316 19 35
0x0122 0 355 23 35
0x0123 40 355 19 35
0x0124 80 355 22 35
0x0125 120 355 19 35
0x0126 160 355 27 35
0x0127 200 355 21 35
0x0128 240 355 9 35
0x0129 280 355 9 35
0x012A 320 355 9 35
0x012B 360 355 9 35
0x012C 400 355 9 35
0x012D 440 355 9 35
0x012E 480 355 9 35
0x012F 520 355 9 35
0x0130 560 355 9 35
0x0131 600 355 9 35
0x0132 640 355 18 35
0x0133 680 355 17 35
0x0134 720 355 9 35
0x0135 760 355 9 35
0x0136 800 355 20 35
0x0137 840 355 17 35
0x0138 880 355 17 35
0x0139 920 355 17 35
0x013A 960 355 9 35
0x013B 0 394 17 35
0x013C 40 394 9 35
0x013D 80 394 17 35
0x013E 120 394 11 35
0x013F 160 394 17 35
0x0140 200 394 10 35
0x0141 240 394 17 35
0x0142 280 394 9 35
0x0143 320 394 22 35
0x0144 360 394 19 35
0x0145 400 394 22 35
0x0146 440 394 19 35
0x0147 480 394 22 35
0x0148 520 394 19 35
0x0149 560 394 24 35
0x014A 600 394 22 35
0x014B 640 394 19 35
0x014C 680 394 23 35
0x014D 720 394 18 35
0x014E 760 394 23 35
0x014F 800 394 18 35
0x0150 840 394 23 35
0x0151 880 394 18 35
0x0152 920 394 32 35
0x0153 960 394 30 35
0x0154 0 433 21 35
0x0155 40 433 12 35
0x0156 80 433 21 35
0x0157 120 433 12 35
0x0158 160 433 21 35
0x0159 200 433 12 35
0x015A 240 433 19 35
0x015B 280 433 16 35
0x015C 320 433 19 35
0x015D 360 433 16 35
0x015E 400 433 19 35
0x015F 440 433 16 35
0x0160 480 433 19 35
0x0161 520 433 16 35
0x0162 560 433 18 35
0x0163 600 433 12 35
0x0164 640 433 18 35
0x0165 680 433 12 35
0x0166 720 433 18 35
0x0167 760 433 12 35
0x0168 800 433 22 35
0x0169 840 433 19 35
0x016A 880 433 22 35
0x016B 920 433 19 35
0x016C 960 433 22 35
0x016D 0 472 19 35
0x016E 40 472 22 35
0x016F 80 472 19 35
0x0170 120 472 22 35
0x0171 160 472 19 35
0x0172 200 472 22 35
0x0173 240 472 19 35
0x0174 280 472 29 35
0x0175 320 472 24 35
0x0176 360 472 18 35
0x0177 400 472 18 35
0x0178 440 472 18 35
0x0179 480 472 20 35
0x017A 520 472 16 35
0x017B 560 472 20 35
0x017C 600 472 16 35
0x017D 640 472 20 35
0x017E 680 472 16 35
0x017F 720 472 11 35
0x0192 760 472 11 35
0x01FA 800 472 20 35
0x01FB 840 472 18 35
0x01FC 880 472 29 35
0x01FD 920 472 29 35
0x01FE 960 472 23 35
0x01FF 0 511 18 35
0x02C6 40 511 15 35
0x02C7 80 511 15 35
0x02C9 120 511 15 35
0x02D8 160 511 15 35
0x02D9 200 511 15 35
0x02DA 240 511 15 35
0x02DB 280 511 15 35
0x02DC 320 511 15 35
0x02DD 360 511 15 35
0x0384 400 511 15 35
0x0385 440 511 15 35
0x0386 480 511 21 35
0x0387 520 511 10 35
0x0388 560 511 22 35
0x0389 600 511 26 35
0x038A 640 511 12 35
0x038C 680 511 24 35
0x038E 720 511 25 35
0x038F 760 511 25 35
0x0390 800 511 10 35
0x0391 840 511 20 35
0x0392 880 511 20 35
0x0393 920 511 17 35
0x0394 960 511 20 35
0x0395 0 550 19 35
0x0396 40 550 20 35
0x0397 80 550 22 35
0x0398 120 550 23 35
0x0399 160 550 9 35
0x039A 200 550 20 35
0x039B 240 550 20 35
0x039C 280 550 26 35
0x039D 320 550 22 35
0x039E 360 550 19 35
0x039F 400 550 23 35
0x03A0 440 550 22 35
0x03A1 480 550 18 35
0x03A3 520 550 19 35
0x03A4 560 550 18 35
0x03A5 600 550 18 35
0x03A6 640 550 23 35
0x03A7 680 550 20 35
0x03A8 720 550 23 35
0x03A9 760 550 23 35
0x03AA 800 550 9 35
0x03AB 840 550 18 35
0x03AC 880 550 20 35
0x03AD 920 550 16 35
0x03AE 960 550 19 35
0x03AF 0 589 10 35
0x03B0 40 589 17 35
0x03B1 80 589 20 35
0x03B2 120 589 19 35
0x03B3 160 589 18 35
0x03B4 200 589 18 35
0x03B5 240 589 16 35
0x03B6 280 589 16 35
0x03B7 320 589 19 35
0x03B8 360 589 18 35
0x03B9 400 589 10 35
0x03BA 440 589 18 35
0x03BB 480 589 18 35
0x03BC 520 589 19 35
0x03BD 560 589 17 35
0x03BE 600 589 17 35
0x03BF 640 589 18 35
0x03C0 680 589 18 35
0x03C1 720 589 19 35
0x03C2 760 589 18 35
0x03C3 800 589 19 35
0x03C4 840 589 18 35
0x03C5 880 589 17 35
0x03C6 920 589 20 35
0x03C7 960 589 17 35
0x03C8 0 628 20 35
0x03C9 40 628 25 35
0x03CA 80 628 10 35
0x03CB 120 628 17 35
0x03CC 160 628 18 35
0x03CD 200 628 17 35
0x03CE 240 628 25 35
0x0400 280 628 19 35
0x0401 320 628 19 35
0x0402 360 628 23 35
0x0403 400 628 18 35
0x0404 440 628 21 35
0x0405 480 628 19 35
0x0406 520 628 9 35
0x0407 560 628 9 35
0x0408 600 628 9 35
0x0409 640 628 32 35
0x040A 680 628 31 35
0x040B 720 628 23 35
0x040C 760 628 21 35
0x040D 800 628 22 35
0x040E 840 628 18 35
0x040F 880 628 22 35
0x0410 920 628 20 35
0x0411 960 628 20 35
0x0412 0 667 20 35
0x0413 40 667 18 35
0x0414 80 667 23 35
0x0415 120 667 19 35
0x0416 160 667 32 35
0x0417 200 667 19 35
0x0418 240 667 22 35
0x0419 280 667 22 35
0x041A 320 667 21 35
0x041B 360 667 22 35
0x041C 400 667 26 35
0x041D 440 667 22 35
0x041E 480 667 23 35
0x041F 520 667 22 35
0x0420 560 667 18 35
0x0421 600 667 21 35
0x0422 640 667 18 35
0x0423 680 667 18 35
0x0424 720 667 25 35
0x0425 760 667 20 35
0x0426 800 667 23 35
0x0427 840 667 20 35
0x0428 880 667 31 35
0x0429 920 667 32 35
0x042A 960 667 25 35
0x042B 0 706 26 35
0x042C 40 706 20 35
0x042D 80 706 21 35
0x042E 120 706 32 35
0x042F 160 706 21 35
0x0430 200 706 18 35
0x0431 240 706 18 35
0x0432 280 706 18 35
0x0433 320 706 16 35
0x0434 360 706 21 35
0x0435 400 706 18 35
0x0436 440 706 27 35
0x0437 480 706 16 35
0x0438 520 706 19 35
0x0439 560 706 19 35
0x043A 600 706 18 35
0x043B 640 706 19 35
0x043C 680 706 22 35
0x043D 720 706 20 35
0x043E 760 706 18 35
0x043F 800 706 20 35
0x0440 840 706 19 35
0x0441 880 706 16 35
0x0442 920 706 17 35
0x0443 960 706 18 35
0x0444 0 745 26 35
0x0445 40 745 18 35
0x0446 80 745 20 35
0x0447 120 745 18 35
0x0448 160 745 27 35
0x0449 200 745 28 35
0x044A 240 745 21 35
0x044B 280 745 23 35
0x044C 320 745 18 35
0x044D 360 745 16 35
0x044E 400 745 25 35
0x044F 440 745 18 35
0x0450 480 745 18 35
0x0451 520 745 18 35
0x0452 560 745 19 35
0x0453 600 745 16 35
0x0454 640 745 16 35
0x0455 680 745 16 35
0x0456 720 745 9 35
0x0457 760 745 9 35
0x0458 800 745 9 35
0x0459 840 745 27 35
0x045A 880 745 27 35
0x045B 920 745 19 35
0x045C 960 745 18 35
0x045D 0 784 19 35
0x045E 40 784 18 35
0x045F 80 784 20 35
0x0490 120 784 18 35
0x0491 160 784 16 35
0x1E80 200 784 29 35
0x1E81 240 784 24 35
0x1E82 280 784 29 35
0x1E83 320 784 24 35
0x1E84 360 784 29 35
0x1E85 400 784 24 35
0x1EF2 440 784 18 35
0x1EF3 480 784 18 35
0x2013 520 784 15 35
0x2014 560 784 30 35
0x2015 600 784 30 35
0x2017 640 784 15 35
0x2018 680 784 10 35
0x2019 720 784 10 35
0x201A 760 784 10 35
0x201B 800 784 10 35
0x201C 840 784 16 35
0x201D 880 784 16 35
0x201E 920 784 16 35
0x2020 960 784 15 35
0x2021 0 823 15 35
0x2022 40 823 18 35
0x2026 80 823 30 35
0x2030 120 823 40 35
0x2032 160 823 7 35
0x2033 200 823 11 35
0x2039 240 823 12 35
0x203A 280 823 12 35
0x203C 320 823 15 35
0x203E 360 823 15 35
0x2044 400 823 5 35
0x207F 440 823 12 35
0x20A3 480 823 19 35
0x20A4 520 823 19 35
0x20A7 560 823 38 35
0x20AC 600 823 19 35
0x2105 640 823 30 35
0x2113 680 823 12 35
0x2116 720 823 31 35
0x2122 760 823 30 35
0x2126 800 823 23 35
0x212E 840 823 25 35
